4742 0 0 767 33 64 0 20 0 19 8 40 2902 259 969 0 47 0 0 0 1 0 0 0 0 0 0 0 0 100
58 0 0 0 0 152 0 0 94 168 0 0 0 7 0 0 0 0 0 0 1 0 0 24 0 0 0 79 0 6
8 12 4 74 449 49 22 1 108 0 0 0 0 0 2 0 21 11 5 0 0 0 0 0 2 0 0 0 6 2
0 0 0 0 0 31 0 0 0 0 0 5106 0 13 0 3 0 0 0 0 0 0 0 0 143 2 0 2 0 0
0 0 0 0 0 0 0 0 8 2 0 0 0 0 2 4 3 0 1 12 0 0 0 1 0 17 0 0 0 0
0 0 0 322 0 58 0 0 0 0 0 0 0 0 71 0 0 0 0 0 0 0 0 0 0 0 0 0 0 0
0 0 0 0 0 0 0 0 0 0 0 0 0 0 0 0 0 0 0 0 0 859 0 2282 0 3430 0 0 721 0
0 0 0 248 505 15 8 0 0 0 0 0 0 0 0 0 0 0 45 0 0 0 0 0 6 0 59 0 14 39
0 0 0 9 0 475 0 0 0 0 0 1 0 0 0 352 0 0 0 0 0 0 0 0 0 0 0 0 0 0
0 0 0 0 0 0 0 0 0 0 0 0 0 0 0 0 0 0 0 0 0 0 0 4 0 0 0 0 0 0
0 0 0 1 0 1 0 7 0 0 1 0 6 17 5 49 0 2 0 0 0 0 0 0 0 0 0 0 11 0
12 0 0 0 1 0 2 0 0 0 0 0 0 2 0 2 0 0 0 0 0 0 1370 390 90 1704 0 8416 819 23
0 832 474 0 0 29 0 0 0 0 0 0 0 0 6 19 0 18 71 81 74 0 0 0 2361 411 28 0 112 114
0 50 0 6 7 414 0 0 0 0 0 6 243 114 0 245 0 0 7001 24 0 28 0 0 0 0 0 0 0 0
0 0 0 0 0 2 0 12 0 4 1 0 0 0 1881 51 5 0 19 34 0 20 0 5 3 28 0 0 0 0
0 0 0 174 0 424 0 0 0 870 0 74 327 0 153 3 0 0 0 0 0 0 0 0 1 0 0 0 63 5
0 0 0 0 4 144 0 0 11 6 0 5 0 3 1 56 0 0 0 0 0 0 16 203 26 725 0 550 10 1
50 898 233 146 268 11 46 51 0 0 0 0 0 0 1 18 0 23 140 17 26 2 0 0 7 95 55 0 95 55
0 2 0 12 0 102 0 0 0 0 0 0 166 245 0 340 0 0 0 0 0 572 0 130 226 4 0 80 0 0
0 0 0 0 0 0 0 7 37 8 16 0 0 0 0 0 0 0 36 23 0 3 0 6 1 0 0 0 0 0
0 0 77 1391 137 1807 0 0 27 0 0 216 36669 324 0 0 0 0 0 109 0 0 0 0 0 0 0 0 0 0
0 0 0 0 15 615 58 0 118 73 0 57 0 31 0 0 0 0 0 0 0 0 21 101 0 151 0 6339 1031 27
0 0 0 1901 0 26 0 0 0 0 0 0 0 0 0 1 0 0 0 0 135 3 0 0 0 350 80 0 56 38
0 9 0 0 0 322 0 0 0 0 0 0 0 0 0 88 0 714 293 0 0 0 35 3250 7096 125 1079 1334 0 0
0 0 0 0 0 0 0 0 0 559 0 399 0 0 0 577 195 0 49 21 0 24 0 0 0 521 0 0 0 0
0 0 0 3 0 0 0 0 5 0 0 0 0 0 0 109 445 0 0 0 0 0 0 0 0 0 7 0 15 0
15 39 0 0 0 31 9 0 5 0 0 0 0 0 0 26 0 0 0 0 0 0 7 55 0 97 0 24 1220 176
0 155 741 244 0 0 14394 0 0 0 0 0 0 0 3 0 0 12 94 24 1020 158 0 0 0 269 83 0 32 15
0 20 0 11 6 385 0 0 0 0 0 0 0 87 0 75 0 1236 304 230 0 0 341 592 0 59 94 60105 0 0
0 0 0 0 4 107 0 24 0 1273 71 57 0 0 0 301 68 0 0 7 0 43 0 9 2 237 0 0 0 0
